ISS (ZARYA)             
1 25544U 98067A   13151.56733990  .00007479  00000-0  13588-3 0  9123
2 25544  51.6471 190.7532 0010114  19.0317  94.6537 15.50601726832124
TIANGONG 1              
1 37820U 11053A   13151.32715108  .00069432  00000-0  38205-3 0  9050
2 37820  42.7800 102.6466 0005239 286.3300 204.5212 15.78775717 95981
RAIKO                   
1 38852U 98067CN  13151.48901143  .00104833  00000-0  64576-3 0  2394
2 38852  51.6372 174.6372 0013069 335.2668  24.7704 15.76252921 37233
FITSAT-1 (NIWAKA)       
1 38853U 98067CP  13151.46527469  .00238780  00000-0  86227-3 0  2428
2 38853  51.6390 169.9807 0012474   0.2092 359.8916 15.87321824 37343
SOYUZ-TMA 09M           
1 39170U 13025A   13149.11632458  .00010281  00000-0  18396-3 0    37
2 39170  51.6489 202.9048 0009929  10.2269  92.6265 15.50570246    37